0.01128000020980835
0.01104000024497509
0.01107999961823225
0.010879999957978725
0.011119999922811985
0.011239999905228615
0.010999999940395355
0.01071999967098236
0.010239999741315842
0.010279999114573002
0.009959999471902847
0.010040000081062317
0.009959999471902847
0.009839999489486217
0.009800000116229057
0.009719999507069588
0.009680000133812428
0.009480000473558903
0.009600000455975533
0.009519999846816063
0.010120000690221786
0.010399999096989632
0.010840000584721565
0.01104000024497509
0.0108800008893013
0.010679999366402626
0.010639999061822891
0.01083999965339899
0.010919999331235886
0.010999999940395355
0.010360000655055046
0.009959999471902847
0.009279999881982803
0.009360000491142273
0.009080000221729279
0.008880000561475754
0.009160000830888748
0.009400000795722008
0.009320000186562538
0.009360000491142273
0.009399999864399433
0.009320000186562538
0.009480000473558903
0.009200000204145908
0.009719999507069588
0.010080000385642052
0.010120000690221786
0.009800000116229057
0.009639999829232693
0.009440000168979168
0.009440000168979168
0.009399999864399433
0.009279999881982803
0.009399999864399433
0.009119999594986439
0.008999999612569809
0.00860000029206276
0.008999999612569809
0.008919999934732914
0.008799999952316284
0.00875999964773655
0.008799999952316284
0.009120000526309013
0.008999999612569809
0.008840000256896019
0.00860000029206276
0.008559999987483025
0.007720000110566616
0.007520000450313091
0.007720000110566616
0.00812000036239624
0.008520000614225864
0.00848000030964613
0.008760000579059124
0.00872000027447939
0.00872000027447939
0.00860000029206276
0.009040000848472118
0.009520000778138638
0.009640000760555267
0.009320000186562538
0.009200000204145908
0.009280000813305378
0.008800000883638859
0.008800000883638859
0.008840000256896019
0.00872000027447939
0.00875999964773655
0.00851999968290329
0.008479999378323555
0.00851999968290329
0.00839999970048666
0.00807999912649393
0.0081599997356534
0.0081599997356534
0.008119999431073666
0.008440000005066395
0.00860000029206276
0.008840000256896019
0.00875999964773655
0.008599999360740185
0.00851999968290329
0.00863999966531992
0.008799999952316284
0.008960000239312649
0.009119999594986439
0.009159999899566174
0.00875999964773655
0.00824000034481287
0.008200000040233135
0.00824000034481287
0.008200000040233135
0.00848000030964613
0.00848000030964613
0.008440000005066395
0.008400000631809235
0.00820000097155571
0.00812000036239624
0.00860000029206276
0.00848000030964613
0.008280000649392605
0.008520000614225864
0.008320000022649765
0.00824000034481287
0.008080000057816505
0.00800000037997961
0.007840000092983246
0.00800000037997961
0.007800000719726086
0.007600000128149986
0.008040000684559345
0.007440000772476196
0.007720000110566616
0.007640000432729721
0.0074800001457333565
0.007240000180900097
0.0076800002716481686
0.007759999483823776
0.00803999975323677
0.008239999413490295
0.008080000057816505
0.00860000029206276
0.008080000057816505
0.00827999971807003
0.008479999378323555
0.008719999343156815
0.00860000029206276
0.00860000029206276
0.008440000005066395
0.008599999360740185
0.008840000256896019
0.00851999968290329
0.00872000027447939
0.00863999966531992
0.008840000256896019
0.008799999952316284
0.008919999934732914
0.008840000256896019
0.00851999968290329
0.00812000036239624
0.007720000576227903
0.007760000415146351
0.00788000039756298
0.00800000037997961
0.00788000039756298
0.007960000075399876
0.007720000576227903
0.007960000075399876
0.00824000034481287
0.0083600003272295
0.00848000030964613
0.008799999952316284
0.00860000029206276
0.008840000256896019
0.00872000027447939
0.008799999952316284
0.008840000256896019
0.008760000579059124
0.009040000848472118
0.008919999934732914
0.00875999964773655
0.00851999968290329
0.008320000022649765
0.007799999788403511
0.007560000754892826
0.007000000216066837
0.006920000538229942
0.006719999946653843
0.0063599999994039536
0.006719999946653843
0.006839999929070473
0.006799999624490738
0.006919999606907368
0.00699999975040555
0.007319999858736992
0.007520000450313091
0.007360000163316727
0.0074800001457333565
0.007600000128149986
0.007600000128149986
0.007439999841153622
0.007160000503063202
0.007160000503063202
0.007000000216066837
0.007000000216066837
0.007600000128149986
0.007439999841153622
0.007360000163316727
0.007120000198483467
0.0068800002336502075
0.006719999946653843
0.007000000216066837
0.0068800002336502075
0.0068800002336502075
0.006839999929070473
0.006599999964237213
0.007000000216066837
0.006839999929070473
0.0075599998235702515
0.007600000128149986
0.008080000057816505
0.008080000057816505
0.0083600003272295
0.008559999987483025
0.00851999968290329
0.008080000057816505
0.008119999431073666
0.008440000005066395
0.007799999788403511
0.00803999975323677
0.00803999975323677
0.00824000034481287
0.008200000040233135
0.008320000022649765
0.00827999971807003
0.00800000037997961
0.00812000036239624
0.00800000037997961
0.0083600003272295
0.00800000037997961
0.00788000039756298
0.007799999788403511
0.007520000450313091
0.0068800002336502075
0.0068800002336502075
0.00788000039756298
0.00784000102430582
0.007800000719726086
0.007200000807642937
0.007280000485479832
0.007240000180900097
0.007000001147389412
0.007240000180900097
0.007920000702142715
0.008160000666975975
0.007960000075399876
0.007679999805986881
0.006919999606907368
0.007359999697655439
0.007319999858736992
0.007319999858736992
0.007639999967068434
0.0074800001457333565
0.0071199992671608925
0.006799999624490738
0.0065199993550777435
0.006559999659657478
0.007120000198483467
0.006800000090152025
0.00684000039473176
0.006920000538229942
0.006880000699311495
0.007400000002235174
0.007759999483823776
0.008080000057816505
0.00803999975323677
0.00803999975323677
0.008200000040233135
0.008679999969899654
0.009119999594986439
0.009119999594986439
0.008960000239312649
0.008200000040233135
0.00791999977082014
0.007319999858736992
0.007360000163316727
0.0074800001457333565
0.0074800001457333565
0.00708000035956502
0.006640000268816948
0.006760000251233578
0.00684000039473176
0.00708000035956502
0.007280000485479832
0.007440000306814909
0.0074800001457333565
0.007439999841153622
0.007439999841153622
0.0075599998235702515
0.007679999805986881
0.007439999841153622
0.007159999571740627
0.00723999971523881
0.007159999571740627
0.0074800001457333565
0.0077199991792440414
0.0075599998235702515
0.0075599998235702515
0.007439999841153622
0.00723999971523881
0.007280000019818544
0.007520000450313091
0.007360000163316727
0.007760000415146351
0.00788000039756298
0.007640000432729721
0.0076800002716481686
0.007440000306814909
0.007159999571740627
0.0074800001457333565
0.0077199991792440414
0.0076399995014071465
0.007679999805986881
0.007199999410659075
0.0071199992671608925
0.006799999624490738
0.006479999050498009
0.006599999498575926
0.0069599999114871025
0.0061599998734891415
0.0061599998734891415
0.0064399996772408485
0.006599999964237213
0.006559999659657478
0.006319999694824219
0.00675999978557229
0.007360000163316727
0.007600000128149986
0.007520000450313091
0.00851999968290329
0.008320000022649765
0.008080000057816505
0.007920000702142715
0.00788000039756298
0.007840000092983246
0.007640000432729721
0.007560000754892826
0.00788000039756298
0.008200000040233135
0.007799999788403511
0.00788000039756298
0.00803999975323677
0.008320000022649765
0.00860000029206276
0.008960000239312649
0.008960000239312649
0.008999999612569809
0.008799999952316284
0.00863999966531992
0.00867999903857708
0.00839999970048666
0.00843999907374382
0.00839999970048666
0.008359999395906925
0.008440000005066395
0.008359999395906925
0.008119999431073666
0.007759999483823776
0.007359999697655439
0.007199999876320362
0.007400000002235174
0.0074800001457333565
0.007639999967068434
0.007839999161660671
0.0074800001457333565
0.007319999858736992
0.007199999876320362
0.007280000019818544
0.00803999975323677
0.0081599997356534
0.00803999975323677
0.00791999977082014
0.0076399995014071465
0.007439999841153622
0.007439999841153622
0.007879999466240406
0.007840000092983246
0.007879999466240406
0.007439999841153622
0.007560000754892826
0.00723999971523881
0.00723999971523881
0.007280000019818544
0.007319999858736992
0.007439999841153622
0.007520000450313091
0.007679999805986881
0.00791999977082014
0.007799999788403511
0.007999999448657036
0.008440000005066395
0.008239999413490295
0.008200000040233135
0.008080000057816505
0.00803999975323677
0.007799999788403511
0.00803999975323677
0.007840000092983246
0.008080000057816505
0.007920000702142715
0.007760000880807638
0.007960000075399876
0.007760000415146351
0.007640000432729721
0.00788000039756298
0.007600000128149986
0.007360000163316727
0.006800000090152025
0.006680000107735395
0.006599999964237213
0.007000000216066837
0.006479999981820583
0.006719999946653843
0.006680000107735395
0.006719999946653843
0.00675999978557229
0.006839999929070473
0.007199999876320362
0.007159999571740627
0.007079999893903732
0.0070399995893239975
0.007520000450313091
0.007600000128149986
0.00800000037997961
0.007600000128149986
0.007720000110566616
0.007560000754892826
0.00788000039756298
0.007840000092983246
0.007960000075399876
0.007720000576227903
0.008080000057816505
0.00800000037997961
0.00788000039756298
0.00803999975323677
0.008119999431073666
0.007960000075399876
0.007799999788403511
0.007960000075399876
0.007199999410659075
0.007559999357908964
0.007079998962581158
0.006959999445825815
0.007199999410659075
0.006559999659657478
0.006599999964237213
0.0069599999114871025
0.007040000054985285
0.006920000538229942
0.007439999841153622
0.006839999929070473
0.007159999571740627
0.00723999971523881
0.00699999975040555
0.007639999967068434
0.00800000037997961
0.007960000075399876
0.008040000684559345
0.008160000666975975
0.00832000095397234
0.00820000097155571
0.00800000037997961
0.00800000037997961
0.007799999788403511
0.0076800002716481686
0.006920000538229942
0.007000000216066837
0.007319999858736992
0.007040000054985285
0.007000001147389412
0.007560000754892826
0.007240000180900097
0.007240000180900097
0.007360000628978014
0.007440000306814909
0.007600001059472561
0.007520000915974379
0.006880000699311495
0.007040000520646572
0.007000000216066837
0.006559999659657478
0.006599999964237213
0.006599999964237213
0.006320000626146793
0.0062800003215670586
0.006760000251233578
0.006640000268816948
0.007000000216066837
0.006920000538229942
0.007079999893903732
0.007240000180900097
0.007439999841153622
0.007720000110566616
0.007800000719726086
0.007760000415146351
0.007600000128149986
0.007679999805986881
0.0075599998235702515
0.0075599998235702515
0.007319999858736992
0.007439999841153622
0.007360000163316727
0.007079999893903732
0.007199999876320362
0.0075599998235702515
0.007439999841153622
0.007159999571740627
0.006839999929070473
0.006919999606907368
0.007079999893903732
0.007079999893903732
0.007400000002235174
0.007400000002235174
0.0071199992671608925
0.006559999659657478
0.006319999694824219
0.0064399996772408485
0.006679999642074108
0.006679999642074108
0.006679999642074108
0.006879999302327633
0.006559999659657478
0.006599999498575926
0.00699999975040555
0.007199999876320362
0.007439999841153622
0.007639999967068434
0.007799999788403511
0.007760000415146351
0.007639999967068434
0.007280000019818544
0.0074800001457333565
0.007600000128149986
0.0074800001457333565
0.007520000450313091
0.007720000110566616
0.007840000092983246
0.007840000092983246
0.008080000057816505
0.008160000666975975
0.008400000631809235
0.008200000040233135
0.007920000702142715
0.007759999483823776
0.007799999788403511
0.007520000450313091
0.007320000324398279
0.007360000163316727
0.007320000324398279
0.007199999876320362
0.007199999876320362
0.007280000019818544
0.007240000180900097
0.007480000611394644
0.007639999967068434
0.007720000110566616
0.007799999788403511
0.007720000110566616
0.0071199992671608925
0.007319999393075705
0.006919999606907368
0.006839999929070473
0.0071199992671608925
0.006919999606907368
0.006839999929070473
0.006599999498575926
0.006759999319911003
0.006639999337494373
0.006959999445825815
0.006479999050498009
0.006839999929070473
0.006839999929070473
0.006279999390244484
0.006399999372661114
0.006199999712407589
0.006399999372661114
0.006240000016987324
0.006240000016987324
0.006159999407827854
0.0064399996772408485
0.006319999694824219
0.006279999390244484
0.006479999981820583
0.0063599999994039536
0.0064399996772408485
0.0063599999994039536
0.0064399996772408485
0.006479999981820583
0.006760000251233578
0.006480000447481871
0.006480000447481871
0.006640000268816948
0.007040000054985285
0.007199999876320362
0.007320000324398279
0.007440000306814909
0.007320000324398279
0.007240000180900097
0.007199999876320362
0.007440000306814909
0.0074000004678964615
0.007000000216066837
0.007199999876320362
0.0074000004678964615
0.007240000180900097
0.007280000485479832
0.007200000807642937
0.007240000180900097
0.007120000198483467
0.0074000004678964615
0.007640000432729721
0.007920000702142715
0.007199999876320362
0.0068000005558133125
0.0069599999114871025
0.006760000251233578
0.006719999946653843
0.006839999929070473
0.00699999975040555
0.006559999659657478
0.006599999498575926
0.006680000107735395
0.00684000039473176
0.00675999978557229
0.0065199993550777435
0.006559999659657478
0.006639999803155661
0.0061599998734891415
0.006079999729990959
0.006359999533742666
0.005999999586492777
0.006039999891072512
0.0062800003215670586
0.006599999498575926
0.0071199992671608925
0.00723999971523881
0.0074800001457333565
0.00800000037997961
0.008080000057816505
0.00791999977082014
0.007840000092983246
0.007840000092983246
0.00791999977082014
0.00803999975323677
0.007839999161660671
0.0077199991792440414
0.007599999662488699
0.007519999518990517
0.006919999606907368
0.007079999893903732
0.007319999858736992
0.00699999975040555
0.007199999876320362
0.007000000216066837
0.006800000090152025
0.007040000054985285
0.007040000054985285
0.0069599999114871025
0.007639999967068434
0.007759999483823776
0.007879999466240406
0.00827999971807003
0.00827999971807003
0.00851999968290329
0.008320000022649765
0.0083600003272295
0.008200000040233135
0.00848000030964613
0.00824000034481287
0.008080000057816505
0.007760000415146351
0.0075599998235702515
0.007199999876320362
0.006760000251233578
0.007040000520646572
0.006760000251233578
0.006760000251233578
0.006440000608563423
0.006240000482648611
0.005760001018643379
0.005640000104904175
0.00568000040948391
0.005880000069737434
0.006200000178068876
0.005959999747574329
0.0060800001956522465
0.006120000034570694
0.006120000034570694
0.006440000142902136
0.006839999929070473
0.007040000054985285
0.007040000054985285
0.0069599999114871025
0.01107999961823225
0.029079999774694443
0.0851999968290329
0.17708000540733337
0.3065600097179413
0.4708400368690491
0.6801999807357788
0.9159599542617798
1.1760799884796143
1.4599199295043945
1.7716000080108643
2.0888400077819824
2.387040376663208
2.666560173034668
2.9335598945617676
3.1792001724243164
3.396480083465576
3.598439931869507
3.796760082244873
3.9831199645996094
4.147599697113037
4.294640064239502
4.403559684753418
4.470519542694092
4.483799934387207
4.455440044403076
4.378640174865723
4.272560119628906
4.128359794616699
3.9550397396087646
3.7473597526550293
3.524359703063965
3.3072800636291504
3.102799892425537
2.9089598655700684
2.7325198650360107
2.5765199661254883
2.428679943084717
2.2839601039886475
2.1475601196289062
2.0269999504089355
1.9109200239181519
1.7966800928115845
1.6866002082824707
1.587440013885498
1.492919921875
1.3991998434066772
1.3089598417282104
1.227560043334961
1.1507600545883179
1.075760006904602
1.0059199333190918
0.9432399868965149
0.8854399919509888
0.8299999833106995
0.7778799533843994
0.7341999411582947
0.6951599717140198
0.658079981803894
0.6230799555778503
0.5936399698257446
0.56659996509552
0.5417600274085999
0.5186399817466736
0.49931997060775757
0.481719970703125
0.4649999737739563
0.44944000244140625
0.4361199736595154
0.42395997047424316
0.4116399884223938
0.40087997913360596
0.3908799886703491
0.3810800313949585
0.37088000774383545
0.3608800172805786
0.3511600196361542
0.3413999676704407
0.3314799666404724
0.3216799795627594
0.3120799958705902
0.3014400005340576
0.2906000018119812
0.2799600064754486
0.2701599895954132
0.26027998328208923
0.2500399947166443
0.23971998691558838
0.22963999211788177
0.2200399935245514
0.21036000549793243
0.2011599987745285
0.1926800012588501
0.1850000023841858
0.17632000148296356
0.16808000206947327
0.1607999950647354
0.15427999198436737
0.1485999971628189
0.14316000044345856
0.1382800042629242
0.1335199922323227
0.12916000187397003
0.12479999661445618
0.1218000054359436
0.11891999840736389
0.11700000613927841
0.11452000588178635
0.11236000061035156
0.11051999032497406
0.10875999927520752
0.10735999792814255
0.10587999224662781
0.10444000363349915
0.102960005402565
0.10187999904155731
0.10016000270843506
0.09908001124858856
0.09752000868320465
0.09584000706672668
0.09440000355243683
0.09284000098705292
0.09139999747276306
0.0897199958562851
0.08796000480651855
0.08612000197172165
0.08428000658750534
0.0822400152683258
0.08024000376462936
0.07812000811100006
0.07596000283956528
0.07368000596761703
0.07172000408172607
0.06967999786138535
0.06808000057935715
0.0660799965262413
0.06419999897480011
0.06244000047445297
0.06055999919772148
0.05900000035762787
0.05780000239610672
0.0568000003695488
0.05504000186920166
0.05403999984264374
0.05220000073313713
0.05076000094413757
0.04960000142455101
0.04887999966740608
0.04851999878883362
0.047519996762275696
0.046560000628232956
0.04556000232696533
0.04516000300645828
0.04448000341653824
0.044280000030994415
0.043800003826618195
0.043320003896951675
0.04248000308871269
0.04163999855518341
0.04147999733686447
0.04124000295996666
0.04083999991416931
0.04020000249147415
0.03976000100374222
0.038920000195503235
0.038759998977184296
0.03872000053524971
0.038359999656677246
0.03779999911785126
0.036959998309612274
0.03579999879002571
0.034960001707077026
0.03444000333547592
0.03380000218749046
0.03384000062942505
0.033080000430345535
0.03208000212907791
0.03160000219941139
0.030880000442266464
0.03027999959886074
0.029799997806549072
0.029600000008940697
0.028880000114440918
0.028519999235868454
0.02783999964594841
0.02775999903678894
0.027479998767375946
0.026560001075267792
0.026399999856948853
0.026000000536441803
0.02563999965786934
0.0254799984395504
0.025519996881484985
0.025199998170137405
0.02499999850988388
0.024720000103116035
0.024159999564290047
0.023839998990297318
0.023759998381137848
0.024080000817775726
0.02404000237584114
0.023759998381137848
0.023520002141594887
0.023480001837015152
0.023040004074573517
0.022760000079870224
0.02248000167310238
0.022840000689029694
0.022679999470710754
0.022199999541044235
0.02191999927163124
0.02151999995112419
0.021080000326037407
0.020240001380443573
0.01996000111103058
0.019680000841617584
0.019760001450777054
0.01964000053703785
0.01940000057220459
0.0188400000333786
0.018560001626610756
0.018200000748038292
0.017920000478625298
0.017720000818371773
0.017720000818371773
0.017560001462697983
0.01720000058412552
0.01632000133395195
0.01592000015079975
0.01583999954164028
0.015599999576807022
0.015599999576807022
0.01576000079512596
0.016119999811053276
0.016040001064538956
0.015960000455379486
0.01576000079512596
0.01583999954164028
0.015559999272227287
0.015720000490546227
0.016119999811053276
0.01616000011563301
0.01599999889731407
0.015159999951720238
0.014759999699890614
0.014319999143481255
0.0142000000923872
0.014399999752640724
0.014240000396966934
0.0142000000923872
0.014000000432133675
0.01387999951839447
0.01380000077188015
0.014399999752640724
0.014240000396966934
0.01408000010997057
0.014240000396966934
0.01408000010997057
0.014399999752640724
0.0142000000923872
0.01427999883890152
0.014120000414550304
0.01396000012755394
0.013640000484883785
0.01380000077188015
0.014200001023709774
0.014280001632869244
0.014240001328289509
0.01388000138103962
0.01360000018030405
0.012800000607967377
0.012760002166032791
0.012600000947713852
0.012640001252293587
0.012600000947713852
0.012440000660717487
0.012160000391304493
0.01183999888598919
0.011720000766217709
0.01155999954789877
0.011799998581409454
0.011400001123547554
0.011599999852478504
0.011400001123547554
0.011560000479221344
0.011440001428127289
0.011400001123547554
0.011440001428127289
0.011599999852478504
0.011440001428127289
0.011400001123547554
0.011200000531971455
0.01128000020980835
0.011599999852478504
0.011599999852478504
0.011719999834895134
0.011400001123547554
0.011640000157058239
0.01152000017464161
0.011640001088380814
0.011640001088380814
0.011880001053214073
0.011479999870061874
0.01128000020980835
0.01104000024497509
0.010759999975562096
0.01095999963581562
0.010879999957978725
0.010919999331235886
0.011399999260902405
0.01136000081896782
0.011599999852478504
0.01143999956548214
0.011119999922811985
0.01095999963581562
0.010999999940395355
0.010879999957978725
0.010639999061822891
0.010239999741315842
0.009880000725388527
0.009920000098645687
0.009519999846816063
0.009480000473558903
0.009440000168979168
0.009399999864399433
0.009439999237656593
0.009519999846816063
0.009399998933076859
0.009800000116229057
0.009599998593330383
0.009279999881982803
0.009439999237656593
0.009399998933076859
0.009479999542236328
0.009759999811649323
0.009800000116229057
0.009759999811649323
0.009720000438392162
0.009440000168979168
0.009680000133812428
0.009920000098645687
0.009999999776482582
0.010120000690221786
0.010319999419152737
0.010040000081062317
0.009320000186562538
0.008999999612569809
0.008959999307990074
0.009039999917149544
0.009279999881982803
0.009359998628497124
0.009119999594986439
0.009199999272823334
0.009039999917149544
0.00887999963015318
0.009119999594986439
0.009159999899566174
0.009320000186562538
0.009560000151395798
0.009119999594986439
0.008959999307990074
0.009239999577403069
0.008960000239312649
0.00872000027447939
0.008880000561475754
0.009160000830888748
0.009640000760555267
0.009240000508725643
0.009039999917149544
0.008880000561475754
0.008840000256896019
0.008280000649392605
0.008280000649392605
0.008680000901222229
0.008760000579059124
0.008880000561475754
0.00848000030964613
0.009080001153051853
0.009240000508725643
0.009480000473558903
0.009440000168979168
0.009720000438392162
0.009879999794065952
0.010040000081062317
0.010080000385642052
0.010119998827576637
0.010079998522996902
0.009599998593330383
0.009479999542236328
0.009359998628497124
0.009599998593330383
0.009599998593330383
0.009759999811649323
0.009159998968243599
0.008839999325573444
0.008479999378323555
0.008599999360740185
0.008719999343156815
0.008359999395906925
0.008719999343156815
0.008679999969899654
0.008679999969899654
0.008320000022649765
0.00827999971807003
0.00848000030964613
0.00872000027447939
0.008960001170635223
0.009039999917149544
0.009279999881982803
0.00872000027447939
0.008239999413490295
0.008239999413490295
0.008359999395906925
0.00851999968290329
0.00860000029206276
0.008559999987483025
0.00851999968290329
0.008479999378323555
0.00851999968290329
0.00848000030964613
0.00872000027447939
0.008559999987483025
0.008559999987483025
0.008760000579059124
0.008920000866055489
0.008880000561475754
0.008799999952316284
0.008679999969899654
0.008320000022649765
0.008559999987483025
0.0083600003272295
0.00827999971807003
0.00851999968290329
0.00863999966531992
0.00824000034481287
0.008080000057816505
0.007639999967068434
0.007639999967068434
0.007520000450313091
0.007320000324398279
0.007320000324398279
0.007760000415146351
0.007600001059472561
0.007560000754892826
0.0074800001457333565
0.007199999876320362
0.007439999841153622
0.007319999858736992
0.007799999788403511
0.007879999466240406
0.008119999431073666
0.007799999788403511
0.007399999536573887
0.006919999606907368
0.0070399995893239975
0.007520000450313091
0.007400000002235174
0.0074800001457333565
0.007599999662488699
0.007999999448657036
0.007999999448657036
0.008200000040233135
0.0081599997356534
0.008200000040233135
0.00812000036239624
0.008080000057816505
0.008440000005066395
0.008559999987483025
0.008239999413490295
0.0077199991792440414
0.007519999518990517
0.007239999249577522
0.007759999483823776
0.00791999977082014
0.00800000037997961
0.007439999841153622
0.007280000019818544
0.007319999858736992
0.007280000019818544
0.007400000002235174
0.0077199991792440414
0.007840000092983246
0.007639999967068434
0.007639999967068434
0.007799999788403511
0.0081599997356534
0.00824000034481287
0.00812000036239624
0.008200000040233135
0.00803999975323677
0.00812000036239624
0.00827999971807003
0.00824000034481287
0.008200000040233135
0.007920000702142715
0.007960000075399876
0.007480000611394644
0.007280000485479832
0.007520000450313091
0.007760000415146351
0.007320000324398279
0.007199999876320362
0.007360000163316727
0.007360000163316727
0.007240000180900097
0.007280000019818544
0.007600000128149986
0.007720000110566616
0.0076800002716481686
0.007720000110566616
0.007920000702142715
0.00788000039756298
0.007560000754892826
0.007520000450313091
0.0075599998235702515
0.007720000110566616
0.007600000128149986
0.007879999466240406
0.007720000110566616
0.007600000128149986
0.007319999858736992
0.0071199992671608925
0.007280000019818544
0.007400000002235174
0.007639999967068434
0.007439999841153622
0.007599999662488699
0.007319999858736992
0.007319999858736992
0.007199999876320362
0.007199999876320362
0.007199999876320362
0.007639999967068434
0.007520000450313091
0.007600000128149986
0.007280000019818544
0.006800000090152025
0.006680000107735395
0.006320000626146793
0.006320000626146793
0.0065199993550777435
0.006960000842809677
0.006719999946653843
0.006760000251233578
0.006640000268816948
0.006960000842809677
0.007280000485479832
0.0074000004678964615
0.007760000415146351
0.007840000092983246
0.008080000057816505
0.00812000036239624
0.007920000702142715
0.00812000036239624
0.007960000075399876
0.008160000666975975
0.00812000036239624
0.00812000036239624
0.008160000666975975
0.00788000039756298
0.007720000110566616
0.007240000180900097
0.007319999858736992
0.0068800002336502075
0.0069599999114871025
0.006559999659657478
0.006799999624490738
0.007279999554157257
0.007439999841153622
0.007600000128149986
0.007600000128149986
0.007759999483823776
0.007720000110566616
0.008080000057816505
0.0083600003272295
0.00848000030964613
0.00860000029206276
0.00824000034481287
0.00796000100672245
0.00796000100672245
0.00812000036239624
0.00808000098913908
0.008280000649392605
0.00808000098913908
0.0083600003272295
0.00848000030964613
0.00812000036239624
0.008080000057816505
0.0083600003272295
0.008839999325573444
0.00860000029206276
0.008679999969899654
0.00839999970048666
0.00863999966531992
0.008320000022649765
0.00791999977082014
0.007679999805986881
0.007360000163316727
0.007240000180900097
0.007040000054985285
0.007120000198483467
0.0069599999114871025
0.007240000180900097
0.007240000180900097
0.006800000090152025
0.006839999929070473
0.007439999841153622
0.00800000037997961
0.00788000039756298
0.007720000110566616
0.008160000666975975
0.00848000030964613
0.008200000040233135
0.00800000037997961
0.008200000040233135
0.00872000027447939
0.00848000030964613
0.008239999413490295
0.0081599997356534
0.0081599997356534
0.007400000002235174
0.0068800002336502075
0.007120000198483467
0.006680000107735395
0.006680000107735395
0.006479999981820583
0.006639999803155661
0.006759999319911003
0.006879999302327633
0.006839999929070473
0.006599999498575926
0.006959999445825815
0.006799999624490738
0.00699999975040555
0.007040000054985285
0.007159999571740627
0.006960000842809677
0.00675999978557229
0.0069599999114871025
0.00675999978557229
0.007360000163316727
0.007600000128149986
0.007720000110566616
0.008160000666975975
0.008080000057816505
0.00800000037997961
0.00824000034481287
0.008200000040233135
0.008040000684559345
0.00812000036239624
0.00824000034481287
0.007840000092983246
0.007599999662488699
0.007079998962581158
0.0071199992671608925
0.007199999410659075
0.00699999975040555
0.007159999571740627
0.006919999606907368
0.006839999929070473
0.006599999964237213
0.006639999803155661
0.006639999803155661
0.007159999571740627
0.007280000019818544
0.0069599999114871025
0.0070399995893239975
0.006839999929070473
0.0069599999114871025
0.007199999876320362
0.0069599999114871025
0.0068800002336502075
0.006920000538229942
0.007040000054985285
0.007159999571740627
0.007720000110566616
0.007520000450313091
0.007359999697655439
0.007319999858736992
0.0071199992671608925
0.007319999858736992
0.007799999788403511
0.007960000075399876
0.007999999448657036
0.0076800002716481686
0.007199999876320362
0.007159999571740627
0.007159999571740627
0.007240000180900097
0.007320000324398279
0.0074800001457333565
0.0074800001457333565
0.007439999841153622
0.007560000754892826
0.007720000110566616
0.00791999977082014
0.008080000057816505
0.00851999968290329
0.00839999970048666
0.008799999952316284
0.00887999963015318
0.008479999378323555
0.008200000040233135
0.00791999977082014
0.007840000092983246
0.007759999483823776
0.007759999483823776
0.007599999662488699
0.007799999788403511
0.007520000450313091
0.007560000754892826
0.007639999967068434
0.007759999483823776
0.0075599998235702515
0.0074800001457333565
0.007359999697655439
0.007320000324398279
0.007599999662488699
0.00723999971523881
0.0074800001457333565
0.00723999971523881
0.007040000054985285
0.007400000002235174
0.007560000754892826
0.007800000719726086
0.00788000039756298
0.00788000039756298
0.007799999788403511
0.00791999977082014
0.007480000611394644
0.007600001059472561
0.007799999788403511
0.007520000450313091
0.007600000128149986
0.007520000450313091
0.007520000450313091
0.0076800002716481686
0.007520000450313091
0.007759999483823776
0.007840000092983246
0.007799999788403511
0.00791999977082014
0.007879999466240406
0.007840000092983246
0.007679999805986881
0.00723999971523881
0.00723999971523881
0.007280000019818544
0.007280000019818544
0.007359999697655439
0.007040000054985285
0.006639999803155661
0.006639999803155661
0.006360000930726528
0.006640000268816948
0.007360000163316727
0.007600000128149986
0.0074800001457333565
0.007519999518990517
0.0075599998235702515
0.00803999975323677
0.00791999977082014
0.007720000110566616
0.007679999805986881
0.007520000450313091
0.007240000180900097
0.0068800002336502075
0.007040000520646572
0.007160000503063202
0.007360000163316727
0.0068800002336502075
0.007640000432729721
0.007600000128149986
0.00791999977082014
0.007799999788403511
0.007399999536573887
0.0075599998235702515
0.0075599998235702515
0.007360000163316727
0.007199999876320362
0.007720000110566616
0.007159999571740627
0.0075599998235702515
0.007000000216066837
0.007079999893903732
0.007400000002235174
0.007159999571740627
0.006960000842809677
0.007040000054985285
0.007199999876320362
0.007159999571740627
0.00708000035956502
0.007040000054985285
0.007440000306814909
0.007480000611394644
0.007120000664144754
0.007160000503063202
0.007280000485479832
0.00708000035956502
0.007000001147389412
0.007000001147389412
0.0074000004678964615
0.0074000004678964615
0.007600000128149986
0.007679999805986881
0.00827999971807003
0.008119999431073666
0.007919998839497566
0.008239999413490295
0.008799999952316284
0.008880000561475754
0.008799999952316284
0.008640000596642494
0.00820000097155571
0.008559999987483025
0.008520000614225864
0.00860000029206276
0.00860000029206276
0.007920000702142715
0.007079999893903732
0.006760000251233578
0.006320000626146793
0.006320000626146793
0.006360000930726528
0.006000000052154064
0.005840000230818987
0.0061599998734891415
0.006399999838322401
0.00675999978557229
0.006920000538229942
0.006800000090152025
0.007000000216066837
0.007159999571740627
0.007400000002235174
0.007440000306814909
0.007560000754892826
0.007199999876320362
0.007199999876320362
0.007280000019818544
0.007120000198483467
0.007199999876320362
0.007679999805986881
0.0075599998235702515
0.007359999697655439
0.007159999571740627
0.00723999971523881
0.0071199992671608925
0.006920000538229942
0.0068800002336502075
0.007159999571740627
0.007360000163316727
0.007120000198483467
0.00708000035956502
0.007280000485479832
0.007240000180900097
0.00672000041231513
0.007040000054985285
0.007360000628978014
0.007440000306814909
0.007440000306814909
0.00723999971523881
0.00699999975040555
0.00675999978557229
0.007039998658001423
0.007439999841153622
0.007999999448657036
0.007840000092983246
0.0074800001457333565
0.007520000450313091
0.007400000002235174
0.0071199992671608925
0.0074800001457333565
0.007639999967068434
0.007240000180900097
0.006920000538229942
0.00684000039473176
0.006920000538229942
0.006920000538229942
0.0068800002336502075
0.007040000054985285
0.007240000180900097
0.007120000198483467
0.0074800001457333565
0.00791999977082014
0.007720000110566616
0.007679999805986881
0.007600000128149986
0.007640000432729721
0.007520000450313091
0.007240000180900097
0.007439999841153622
0.007799999788403511
0.007760000415146351
0.007600000128149986
0.00800000037997961
0.007759999483823776
0.007280000019818544
0.007199999876320362
0.007359999697655439
0.007639999967068434
0.0075599998235702515
0.00699999975040555
0.006479999050498009
0.006359999533742666
0.006039999425411224
0.006599999498575926
0.007159999571740627
0.007399999536573887
0.007359999697655439
0.007199999876320362
0.007159999571740627
0.007159999571740627
0.007319999858736992
0.007240000180900097
0.007000000216066837
0.006440000142902136
0.006400000303983688
0.006400000303983688
0.0062800003215670586
0.0062800003215670586
0.006200000178068876
0.0063599999994039536
0.0063599999994039536
0.006120000034570694
0.006800000090152025
0.006960000842809677
0.00708000035956502
0.006920000538229942
0.006960000842809677
0.007199999876320362
0.007280000019818544
0.007240000180900097
0.007240000180900097
0.007720000576227903
0.0073200007900595665
0.007360000628978014
0.007400000002235174
0.007600001059472561
0.0076800002716481686
0.007600001059472561
0.007759999483823776
0.007599999662488699
0.007639999967068434
0.007359999697655439
0.0074800001457333565
0.007359999697655439
0.00723999971523881
0.006920000538229942
0.006800000090152025
0.006599999964237213
0.006640000268816948
0.007079999893903732
0.007400000002235174
0.007280000019818544
0.007079999893903732
0.007280000019818544
0.007079999893903732
0.007199999876320362
0.007280000019818544
0.007320000324398279
0.007040000054985285
0.007280000485479832
0.007199999876320362
0.007360000628978014
0.007480000611394644
0.007240000180900097
0.007360000163316727
0.007360000163316727
0.007319999858736992
0.007240000180900097
0.0074000004678964615
0.006839999929070473
0.006599999964237213
0.006640000268816948
0.0068800002336502075
0.007040000054985285
0.007199999876320362
0.007199999876320362
0.007280000019818544
0.007439999841153622
0.007280000019818544
0.007400000002235174
0.007520000450313091
0.0075599998235702515
0.007280000019818544
0.007120000198483467
0.007240000180900097
0.007319999858736992
0.007319999858736992
0.007160000503063202
0.007600000128149986
0.0074000004678964615
0.007640000432729721
0.0074000004678964615
0.007360000163316727
0.007280000019818544
0.006839999929070473
0.00699999975040555
0.007959999144077301
0.021560002118349075
0.05571999400854111
0.12055999785661697
0.22039997577667236
0.3762799799442291
0.5642399787902832
0.7803200483322144
1.0218000411987305
1.3001599311828613
1.5982799530029297
1.90556001663208
2.211319923400879
2.5135998725891113
2.7972002029418945
3.0412001609802246
3.2666399478912354
3.4863998889923096
3.693959951400757
3.87723970413208
4.050640106201172
4.212480068206787
4.349160194396973
4.440999984741211
4.489560127258301
4.4781999588012695
4.430160045623779
4.339479923248291
4.219160079956055
4.059679985046387
3.872720718383789
3.6607601642608643
3.4405999183654785
3.218640089035034
3.011119842529297
2.836239814758301
2.6732001304626465
2.5147600173950195
2.363039970397949
2.227839946746826
2.100519895553589
1.9747600555419922
1.8550398349761963
1.748039960861206
1.6458799839019775
1.5444798469543457
1.4475200176239014
1.3594399690628052
1.274959921836853
1.1929199695587158
1.1151999235153198
1.0467199087142944
0.9819200038909912
0.9187600016593933
0.8598000407218933
0.8082400560379028
0.7609200477600098
0.7171200513839722
0.6773999929428101
0.6426399946212769
0.6108800172805786
0.5809599757194519
0.5540000200271606
0.531279981136322
0.5102800130844116
0.49140000343322754
0.47383999824523926
0.45851999521255493
0.44444000720977783
0.4318000078201294
0.4195200204849243
0.4083999991416931
0.3978000283241272
0.3877600431442261
0.37775999307632446
0.3676000237464905
0.3576800227165222
0.348080039024353
0.3379199504852295
0.3275200128555298
0.31731998920440674
0.3076399862766266
0.2972799837589264
0.2866399884223938
0.27643999457359314
0.266400009393692
0.2563199996948242
0.24583998322486877
0.23588000237941742
0.22643999755382538
0.2168000042438507
0.2072400003671646
0.19843998551368713
0.1899999976158142
0.18131999671459198
0.17299997806549072
0.16547998785972595
0.15852001309394836
0.15212000906467438
0.1462000012397766
0.14128001034259796
0.1361600011587143
0.13127999007701874
0.1271200031042099
0.12372000515460968
0.12083999812602997
0.11780000478029251
0.11552000045776367
0.11340000480413437
0.1112000048160553
0.10912000387907028
0.10743999481201172
0.106160007417202
0.10448000580072403
0.10320001095533371
0.10228001326322556
0.10144001245498657
0.10028000921010971
0.09864000976085663
0.09724000096321106
0.09564001113176346
0.09411999583244324
0.09228000044822693
0.09096000343561172
0.08935999870300293
0.08711999654769897
0.08503999561071396
0.08283999562263489
0.08100000023841858
0.07884000241756439
0.07679999619722366
0.07468000054359436
0.0727199986577034
0.07056000083684921
0.06871999800205231
0.06684000045061111
0.06471999734640121
0.06307999789714813
0.06159999221563339
0.0602399967610836
0.05860000103712082
0.05743999779224396
0.05583999678492546
0.05423999950289726
0.052639998495578766
0.05116000026464462
0.050200000405311584
0.04912000149488449
0.04788000136613846
0.04684000462293625
0.046119995415210724
0.04535999894142151
0.044920001178979874
0.044759999960660934
0.044280000030994415
0.043640002608299255
0.04320000112056732
0.043000005185604095
0.04288000613451004
0.042520008981227875
0.04228000342845917
0.04163999855518341
0.041600003838539124
0.04100000113248825
0.04028000310063362
0.03992000222206116
0.03968000039458275
0.03895999863743782
0.038359999656677246
0.03771999850869179
0.0368800014257431
0.036320000886917114
0.03548000007867813
0.03508000075817108
0.03500000014901161
0.03463999927043915
0.033879999071359634
0.032919999212026596
0.03247999772429466
0.03175999969244003
0.030799999833106995
0.03035999834537506
0.029719997197389603
0.02903999760746956
0.028119999915361404
0.027799997478723526
0.027119997888803482
0.026839999482035637
0.026280002668499947
0.026200002059340477
0.026200002059340477
0.025519998744130135
0.025200001895427704
0.02483999729156494
0.025040000677108765
0.024639999493956566
0.024800000712275505
0.024720000103116035
0.024880001321434975
0.024880001321434975
0.02507999911904335
0.025200001895427704
0.02531999908387661
0.02507999911904335
0.02491999790072441
0.024320000782608986
0.023839998990297318
0.023480001837015152
0.022840004414319992
0.022360000759363174
0.022040002048015594
0.021560002118349075
0.021080002188682556
0.020759999752044678
0.02027999982237816
0.020800001919269562
0.020840000361204147
0.021199997514486313
0.020839998498558998
0.02035999856889248
0.020080000162124634
0.02019999921321869
0.019680000841617584
0.019440000876784325
0.01900000125169754
0.01828000135719776
0.017800001427531242
0.0171200018376112
0.01688000187277794
0.01688000187277794
0.01648000068962574
0.015960000455379486
0.01608000136911869
0.01616000011563301
0.016040001064538956
0.016280001029372215
0.01616000011563301
0.01600000075995922
0.01608000136911869
0.01568000018596649
0.015720000490546227
0.015879999846220016
0.015960000455379486
0.015320000238716602
0.015119999647140503
0.014599999412894249
0.014439999125897884
0.014239998534321785
0.014319999143481255
0.014399999752640724
0.014159999787807465
0.0142000000923872
0.013679999858140945
0.014079999178647995
0.01435999944806099
0.014000000432133675
0.013919999822974205
0.014000000432133675
0.01356000080704689
0.013599999248981476
0.01348000019788742
0.013199999928474426
0.013280000537633896
0.012879999354481697
0.012520000338554382
0.012439999729394913
0.012360000051558018
0.011879999190568924
0.011919999495148659
0.01155999954789877
0.011760000139474869
0.011760000139474869
0.011680000461637974
0.011800000444054604
0.011480001732707024
0.011919999495148659
0.011640001088380814
0.011880001053214073
0.011840000748634338
0.012080000713467598
0.011919999495148659
0.011800000444054604
0.011640001088380814
0.012040000408887863
0.012399999424815178
0.012159999459981918
0.012319999746978283
0.012119999155402184
0.012000000104308128
0.011800000444054604
0.011239999905228615
0.01104000024497509
0.01128000020980835
0.01080000028014183
0.01056000031530857
0.010479999706149101
0.010199999436736107
0.010280000045895576
0.010199999436736107
0.010239999741315842
0.010639999061822891
0.010919999331235886
0.010840000584721565
0.01104000024497509
0.010599998757243156
0.010520000010728836
0.010759999975562096
0.01056000031530857
0.010520000010728836
0.01080000028014183
0.010520000010728836
0.010520000010728836
0.010320000350475311
0.009999999776482582
0.010280000045895576
0.010679999366402626
0.010840000584721565
0.010879999957978725
0.010840000584721565
0.010520000010728836
0.010840000584721565
0.010480000637471676
0.010240001603960991
0.010000000707805157
0.010200001299381256
0.010080000385642052
0.009840000420808792
0.010040000081062317
0.009759999811649323
0.009320000186562538
0.009080000221729279
0.008799999952316284
0.008799999952316284
0.008959999307990074
0.009039999917149544
0.008799999952316284
0.008880000561475754
0.00791999977082014
0.008320000022649765
0.00860000029206276
0.008999999612569809
0.009479999542236328
0.009679999202489853
0.009959999471902847
0.009679999202489853
0.009479999542236328
0.008960000239312649
0.009600000455975533
0.009360000491142273
0.009200000204145908
0.009080000221729279
0.008880000561475754
0.008840000256896019
0.008559999987483025
0.00848000030964613
0.00848000030964613
0.00872000027447939
0.008880000561475754
0.008800000883638859
0.009000000543892384
0.009000000543892384
0.009519999846816063
0.009120000526309013
0.009080000221729279
0.009280000813305378
0.009560000151395798
0.009960000403225422
0.009920000098645687
0.009959999471902847
0.009720000438392162
0.009240000508725643
0.008200000040233135
0.008320000022649765
0.008440000005066395
0.00839999970048666
0.008320000022649765
0.007999999448657036
0.007959999144077301
0.00803999975323677
0.00803999975323677
0.007999999448657036
0.008239999413490295
0.008479999378323555
0.0083600003272295
0.008479999378323555
0.008320000022649765
0.008400000631809235
0.00800000037997961
0.00803999975323677
0.0083600003272295
0.008320000022649765
0.00872000027447939
0.008919999934732914
0.009119999594986439
0.00863999966531992
0.008719999343156815
0.008679999969899654
0.008999999612569809
0.008719999343156815
0.00875999964773655
0.009439999237656593
0.009319999255239964
0.009199999272823334
0.008919999934732914
0.009159999899566174
0.008799999952316284
0.00875999964773655
0.008719999343156815
0.009279998950660229
0.00903999898582697
0.008599999360740185
0.00831999909132719
0.00819999910891056
0.00839999970048666
0.008359999395906925
0.00863999966531992
0.008919999934732914
0.008919999934732914
0.00863999966531992
0.00860000029206276
0.00848000030964613
0.00839999970048666
0.0081599997356534
0.00791999977082014
0.007840000092983246
0.00791999977082014
0.0076800002716481686
0.007799999788403511
0.007799999788403511
0.0076800002716481686
0.007600001059472561
0.00796000100672245
0.00844000093638897
0.00851999968290329
0.00848000030964613
0.00851999968290329
0.00851999968290329
0.00851999968290329
0.0083600003272295
0.008440000005066395
0.00872000027447939
0.008640000596642494
0.008640000596642494
0.00875999964773655
0.00872000027447939
0.00860000029206276
0.0083600003272295
0.008119999431073666
0.008359999395906925
0.008279998786747456
0.008479999378323555
0.00839999970048666
0.008359999395906925
0.00803999975323677
0.007999999448657036
0.007999999448657036
0.008200000040233135
0.008679999969899654
0.00863999966531992
0.009000001475214958
0.008679999969899654
0.00872000027447939
0.008440000005066395
0.00860000029206276
0.008920000866055489
0.009000001475214958
0.008840000256896019
0.008760000579059124
0.008680000901222229
0.00848000030964613
0.00832000095397234
0.008080000057816505
0.008400000631809235
0.0083600003272295
0.00832000095397234
0.00824000034481287
0.00848000030964613
0.008040000684559345
0.0074000004678964615
0.007079999893903732
0.007280000485479832
0.007000000216066837
0.0069599999114871025
0.0068800002336502075
0.0068000005558133125
0.007199999876320362
0.007360000163316727
0.007520000450313091
0.00803999975323677
0.00839999970048666
0.008479999378323555
0.009159999899566174
0.008919999934732914
0.009079999290406704
0.00887999963015318
0.008599999360740185
0.007999999448657036
0.007639999967068434
0.0075599998235702515
0.007400000002235174
0.006920000538229942
0.0068800002336502075
0.0068800002336502075
0.006679999642074108
0.0068800002336502075
0.006839999929070473
0.007240000180900097
0.007520000450313091
0.007560000754892826
0.007360000628978014
0.007720000576227903
0.007560000754892826
0.007360000628978014
0.007320000324398279
0.007199999876320362
0.006839999929070473
0.0069599999114871025
0.007600000128149986
0.00788000039756298
0.00800000037997961
0.007600000128149986
0.007600000128149986
0.007640000432729721
0.007840000092983246
0.008040000684559345
0.008280000649392605
0.008040000684559345
0.007560000754892826
0.007200000807642937
0.007640000432729721
0.008160000666975975
0.0083600003272295
0.008400000631809235
0.008320000022649765
0.0081599997356534
0.007600000128149986
0.007639999967068434
0.007319999858736992
0.0074800001457333565
0.007360000163316727
0.007240000180900097
0.0069599999114871025
0.007320000324398279
0.007440000306814909
0.007360000628978014
0.007760000415146351
0.007240000180900097
0.007199999876320362
0.007199999876320362
0.007239999249577522
0.006999999284744263
0.007279999554157257
0.0070399995893239975
0.006839999929070473
0.0069599999114871025
0.006760000251233578
0.007040000520646572
0.007199999876320362
0.007159999571740627
0.007320000324398279
0.007359999697655439
0.007199999876320362
0.007320000324398279
0.007320000324398279
0.006920000538229942
0.007280000485479832
0.007520000450313091
0.007720000576227903
0.007840000092983246
0.007240000180900097
0.007199999876320362
0.006920000538229942
0.006760000716894865
0.006760000716894865
0.007240000180900097
0.0074000004678964615
0.007720000576227903
0.007720000576227903
0.007199999876320362
0.006920000538229942
0.006920000538229942
0.007160000503063202
0.007120000664144754
0.007520000450313091
0.00800000037997961
0.00808000098913908
0.007800000719726086
0.007560000754892826
0.007520000450313091
0.008080000057816505
0.00824000034481287
0.008440000005066395
0.008520000614225864
0.008080000057816505
0.007600000128149986
0.007279999554157257
0.007159999571740627
0.007280000019818544
0.007639999967068434
0.007599999662488699
0.007839999161660671
0.0076399995014071465
0.007879999466240406
0.007999999448657036
0.007840000092983246
0.007799999788403511
0.0075599998235702515
0.007599999662488699
0.0077199991792440414
0.007799999322742224
0.007959999144077301
0.007959999144077301
0.007799999788403511
0.007599999662488699
0.007440000306814909
0.007600000128149986
0.00803999975323677
0.00824000034481287
0.0083600003272295
0.008520000614225864
0.008400000631809235
0.00860000029206276
0.0083600003272295
0.00863999966531992
0.008999999612569809
0.008999999612569809
0.008840000256896019
0.008440000005066395
0.008280000649392605
0.008040000684559345
0.007760000415146351
0.007520000450313091
0.0076800002716481686
0.007560000754892826
0.007400000002235174
0.007159999571740627
0.006919999606907368
0.0070399995893239975
0.0062800003215670586
0.0058399997651577
0.005880000069737434
0.00547999981790781
0.00571999978274107
0.005640000104904175
0.00547999981790781
0.00544000044465065
0.005520000122487545
0.0054800002835690975
0.005999999586492777
0.006479999050498009
0.006639999803155661
0.007440000306814909
0.00723999971523881
0.007400000002235174
0.007520000450313091
0.007520000450313091
0.007639999967068434
0.0081599997356534
0.00860000029206276
0.00851999968290329
0.00827999971807003
0.00800000037997961
0.007760000415146351
0.007799999788403511
0.00791999977082014
0.008200000040233135
0.008160000666975975
0.007760000415146351
0.007520000450313091
0.007280000019818544
0.007199999876320362
0.007159999571740627
0.0074800001457333565
0.007440000306814909
0.0074800001457333565
0.007560000754892826
0.007840000092983246
0.00803999975323677
0.0081599997356534
0.00800000037997961
0.007960000075399876
0.007639999967068434
0.007400000002235174
0.007639999967068434
0.007639999967068434
0.007359999697655439
0.007159999571740627
0.006679999642074108
0.006520000286400318
0.0069599999114871025
0.007000000216066837
0.007439999841153622
0.0075599998235702515
0.007319999858736992
0.007240000180900097
0.007160000503063202
0.007079999893903732
0.007120000198483467
0.007000000216066837
0.007000000216066837
0.007440000772476196
0.007200000807642937
0.007200000807642937
0.007200000807642937
0.007280000485479832
0.00684000039473176
0.006680000107735395
0.006680000107735395
0.006680000107735395
0.006880000699311495
0.006440000142902136
0.006480000447481871
0.006320000626146793
0.006240000016987324
0.005999999586492777
0.006479999050498009
0.0065199993550777435
0.006919999606907368
0.006719999946653843
0.006400000303983688
0.006520000286400318
0.005959999747574329
0.005959999747574329
0.005919999442994595
0.0061599998734891415
0.006240000016987324
0.006359999533742666
0.006039999425411224
0.006520000286400318
0.006479999981820583
0.006479999981820583
0.006999999284744263
0.007279999554157257
0.007319999858736992
0.007199999876320362
0.007360000163316727
0.007159999571740627
0.0075599998235702515
0.007400000002235174
0.0075599998235702515
0.007520000450313091
0.007639999967068434
0.0075599998235702515
0.007799999788403511
0.007840000092983246
0.007840000092983246
0.008160000666975975
0.007840000092983246
0.007760000415146351
0.007760000415146351
0.007760000415146351
0.00788000039756298
0.007640000432729721
0.007440000306814909
0.007560000754892826
0.007159999571740627
0.006920000538229942
0.006760000251233578
0.006920000538229942
0.006680000107735395
0.006680000107735395
0.006200000178068876
0.005760000087320805
0.006160000339150429
0.005840000230818987
0.006040000356733799
0.006400000303983688
0.0068800002336502075
0.007040000054985285
0.00708000035956502
0.006920000538229942
0.007040000054985285
0.007920000702142715
0.0076800002716481686
0.007799999788403511
0.00812000036239624
0.00803999975323677
0.007720000110566616
0.007240000180900097
0.007439999841153622
0.007520000450313091
0.007720000110566616
0.007319999858736992
0.007159999571740627
0.0071199992671608925
0.0071199992671608925
0.007359999697655439
0.007359999697655439
0.0074800001457333565
0.007439999841153622
0.007559999357908964
0.007439999841153622
0.0077199991792440414
0.007679998874664307
0.0076399995014071465
0.007239999249577522
0.006999999284744263
0.0070399995893239975
0.007399999536573887
0.0074800001457333565
0.007840000092983246
0.0081599997356534
0.007840000092983246
0.007879999466240406
0.008080000057816505
0.00839999970048666
0.008320000022649765
0.0081599997356534
0.00827999971807003
0.008239999413490295
0.007879999466240406
0.007599999662488699
0.007799999788403511
0.007759999483823776
0.007199999876320362
0.007280000019818544
0.007359999697655439
0.007359999697655439
0.006839999929070473
0.006639999803155661
0.006399999838322401
0.006479999981820583
0.0062800003215670586
0.0065199993550777435
0.0068800002336502075
0.00675999978557229
0.006920000538229942
0.007280000019818544
0.007360000163316727
0.007400000002235174
0.0075599998235702515
0.007520000450313091
0.007799999788403511
0.0074800001457333565
0.007040000054985285
0.007000000216066837
0.006399999838322401
0.006200000178068876
0.006559999659657478
0.006400000303983688
0.006000000052154064
0.006120000034570694
0.005959999747574329
0.0064399996772408485
0.007079999893903732
0.0071199992671608925
0.0074800001457333565
0.007319999858736992
0.00723999971523881
0.007319999858736992
0.007679999805986881
0.007759999483823776
0.007720000110566616
0.007320000324398279
0.006920000538229942
0.006839999929070473
0.006839999929070473
0.007079999893903732
0.00699999975040555
0.007319999858736992
0.007599999662488699
0.007400000002235174
0.007280000019818544
0.00723999971523881
0.007759999483823776
0.007920000702142715
0.00788000039756298
0.0074800001457333565
0.007319999858736992
0.007120000198483467
0.00684000039473176
0.006599999964237213
0.0065199993550777435
0.006559999659657478
0.006520000286400318
0.006559999659657478
0.006520000286400318
0.0068800002336502075
0.007040000054985285
0.00708000035956502
0.007360000163316727
0.007560000754892826
0.007640000432729721
0.007640000432729721
0.0074800001457333565
0.007199999876320362
0.007359999697655439
0.0071199992671608925
0.006959999445825815
0.007079998962581158
0.007040000054985285
0.00699999975040555
0.007159999571740627
0.006839999929070473
0.00675999978557229
0.00675999978557229
0.006800000090152025
0.007319999858736992
0.007120000198483467
0.0068800002336502075
0.006839999929070473
0.007000000216066837
0.007000000216066837
0.007080000825226307
0.007520000450313091
0.0076800002716481686
0.007520000450313091
0.0068800002336502075
0.007439999841153622
0.007319999858736992
0.007159999571740627
0.0065199993550777435
0.006320000626146793
0.0065199993550777435
0.006120000034570694
0.005760000087320805
0.0055599999614059925
0.005760000087320805
0.00544000044465065
0.00547999981790781
0.00568000040948391
0.006120000034570694
0.006520000286400318
0.0068000005558133125
0.0069599999114871025
0.0069599999114871025
0.007199999876320362
0.007360000163316727
0.007199999876320362
0.0074800001457333565
0.0074800001457333565
0.007520000450313091
0.007440000306814909
0.007320000324398279
0.0074000004678964615
0.007640000432729721
0.007440000306814909
0.0074000004678964615
0.007600001059472561
0.007760000415146351
0.007799999788403511
0.007960000075399876
0.007799999788403511
0.007400000002235174
0.007360000163316727
0.007440000306814909
0.0074000004678964615
0.00708000035956502
0.006920000538229942
0.00672000041231513
0.006480000447481871
0.006280000787228346
0.006400001235306263
0.0068000010214746
0.00656000105664134
0.006400001235306263
0.006599999964237213
0.0068000005558133125
0.006839999929070473
0.0069599999114871025
0.007120000198483467
0.007319999858736992
0.007000000216066837
0.007079999893903732
0.007120000198483467
0.007240000180900097
0.007319999858736992
0.007400000002235174
0.0075599998235702515
0.007520000450313091
0.007400000002235174
0.007400000002235174
0.0075599998235702515
0.007600000128149986
0.007600000128149986
0.007760000415146351
0.007920000702142715
0.008040000684559345
0.007960000075399876
0.0074800001457333565
0.007400000002235174
0.007159999571740627
0.0069599999114871025
0.006760000251233578
0.006760000251233578
0.006520000286400318
0.006320000626146793
0.0059200008399784565
0.005760001018643379
0.006559999659657478
0.006400001235306263
0.006559999659657478
0.006960000842809677
0.0068800002336502075
0.00672000041231513
0.006640000268816948
0.006559999659657478
0.006920000538229942
0.007120000664144754
0.010759999044239521
0.02879999950528145
0.07023999840021133
0.16152001917362213
0.2902800142765045
0.4540400207042694
0.6490801572799683
0.884160041809082
1.1428000926971436
1.42576003074646
1.7279200553894043
2.045759916305542
2.3582000732421875
2.6374399662017822
2.8966400623321533
3.1437997817993164
3.3736798763275146
3.5775198936462402
3.7700400352478027
3.9587197303771973
4.133319854736328
4.281919956207275
4.400759696960449
4.467239856719971
4.488759994506836
4.461160182952881
4.395999908447266
4.297840118408203
4.162479877471924
3.9890003204345703
3.789360284805298
3.5717201232910156
3.3450400829315186
3.1418802738189697
2.954080104827881
2.781560182571411
2.615600109100342
2.459160089492798
2.3174800872802734
2.1845600605010986
2.0554001331329346
1.9321200847625732
1.8215599060058594
1.7156399488449097
1.6115599870681763
1.5115998983383179
1.4215197563171387
1.3338799476623535
1.2480800151824951
1.166200041770935
1.0936000347137451
1.0256799459457397
0.9600800275802612
0.897879958152771
0.8430399894714355
0.7921600341796875
0.7448400259017944
0.7019200325012207
0.6653599739074707
0.6319199800491333
0.6000000238418579
0.5706000328063965
0.5454400181770325
0.5229600071907043
0.5020000338554382
0.48308002948760986
0.4670799970626831
0.45232000946998596
0.4379200339317322
0.4249999523162842
0.4134400188922882
0.40323999524116516
0.3927200436592102
0.38315996527671814
0.37403997778892517
0.36444002389907837
0.3539999723434448
0.3442799746990204
0.3349999785423279
0.3253600001335144
0.3152799904346466
0.30451998114585876
0.29423999786376953
0.28360000252723694
0.2723200023174286
0.26175999641418457
0.2515600025653839
0.24143999814987183
0.23100000619888306
0.22095999121665955
0.21160000562667847
0.20243999361991882
0.1934800148010254
0.18464002013206482
0.17712000012397766
0.1698800027370453
0.16288000345230103
0.15595999360084534
0.15015999972820282
0.14419999718666077
0.13891999423503876
0.13368000090122223
0.12955999374389648
0.12567999958992004
0.122079998254776
0.11851999908685684
0.11584000289440155
0.11376000195741653
0.11160000413656235
0.10976000875234604
0.10816000401973724
0.10716000199317932
0.1053600087761879
0.10400000214576721
0.10279999673366547
0.10187999904155731
0.10051999986171722
0.09907999634742737
0.09751999378204346
0.09644000977277756
0.09471999108791351
0.09347999095916748
0.09188000112771988
0.09012000262737274
0.08816000074148178
0.08627999573945999
0.08455999940633774
0.08224000036716461
0.0804000049829483
0.07807999849319458
0.07632000744342804
0.07359999418258667
0.07180000841617584
0.06972000002861023
0.06752000004053116
0.06535999476909637
0.06328000128269196
0.061240002512931824
0.05920000001788139
0.05756000056862831
0.0560000017285347
0.05504000186920166
0.05384000390768051
0.052960000932216644
0.05220000073313713
0.051239997148513794
0.05012000352144241
0.04964000731706619
0.04920000210404396
0.048600003123283386
0.047839999198913574
0.04684000462293625
0.046160001307725906
0.04504000395536423
0.04436000436544418
0.043880000710487366
0.04360000044107437
0.04307999834418297
0.042479999363422394
0.04188000410795212
0.04075999930500984
0.04035999998450279
0.03943999856710434
0.03920000046491623
0.03888000175356865
0.038440000265836716
0.037880003452301025
0.0376800037920475
0.03732000291347504
0.03664000332355499
0.036360003054142
0.035680003464221954
0.035360004752874374
0.03484000265598297
0.03408000245690346
0.03348000347614288
0.032840002328157425
0.03224000334739685
0.03128000348806381
0.03076000139117241
0.030559999868273735
0.03020000085234642
0.029839999973773956
0.029439998790621758
0.029319999739527702
0.02879999950528145
0.02871999889612198
0.027719998732209206
0.027479998767375946
0.02727999910712242
0.026920001953840256
0.026440002024173737
0.025960002094507217
0.025439999997615814
0.024799998849630356
0.024080000817775726
0.023800000548362732
0.02396000176668167
0.023719999939203262
0.023159999400377274
0.022800002247095108
0.02239999920129776
0.022199999541044235
0.02175999991595745
0.02160000056028366
0.021800000220537186
0.02120000123977661
0.020920000970363617
0.020960001274943352
0.021160000935196877
0.020999999716877937
0.020400002598762512
0.019920000806450844
0.019920000806450844
0.01964000053703785
0.019439999014139175
0.019279999658465385
0.01892000064253807
0.018400000408291817
0.017799999564886093
0.017480000853538513
0.017960000783205032
0.018279999494552612
0.018279999494552612
0.018360000103712082
0.017999999225139618
0.017999999225139618
0.017799999564886093
0.018039999529719353
0.017960000783205032
0.017880000174045563
0.017680000513792038
0.01711999997496605
0.01687999814748764
0.016519999131560326
0.016599999740719795
0.016440000385046005
0.016119999811053276
0.015879999846220016
0.015879999846220016
0.01583999954164028
0.015720000490546227
0.015639999881386757
0.015639999881386757
0.015720000490546227
0.015399999916553497
0.015359999611973763
0.015559999272227287
0.015599999576807022
0.015359999611973763
0.015200000256299973
0.014879999682307243
0.014840000309050083
0.014480000361800194
0.01388000138103962
0.0142000000923872
0.013840001076459885
0.01388000138103962
0.01348000019788742
0.013679999858140945
0.013439999893307686
0.013280000537633896
0.013119999319314957
0.012839999981224537
0.013079999014735222
0.012640001252293587
0.012680001556873322
0.012520000338554382
0.012600000947713852
0.012120000086724758
0.012039999477565289
0.012159999459981918
0.012199999764561653
0.012560000643134117
0.012199999764561653
0.012279999442398548
0.012199998833239079
0.012079998850822449
0.011639999225735664
0.011879999190568924
0.011600000783801079
0.01152000017464161
0.011479999870061874
0.01136000081896782
0.011800000444054604
0.011719999834895134
0.011400001123547554
0.011640000157058239
0.011879999190568924
0.01155999954789877
0.01143999956548214
0.01119999960064888
0.01107999961823225
0.01083999965339899
0.01071999967098236
0.010599998757243156
0.01080000028014183
0.010360000655055046
0.010400000959634781
0.01080000028014183
0.011239999905228615
0.01136000081896782
0.011640001088380814
0.011840000748634338
0.011560000479221344
0.011400001123547554
0.011400001123547554
0.011320000514388084
0.011239999905228615
0.010759999975562096
0.010359998792409897
0.010280000045895576
0.009759999811649323
